702 968 581 549 470 13 747 692 12 750 506 126 351 779 245 1
642 41 545 123 905 264 480 114 354 561 713 499 729 171 591 2
192 980 579 920 251 655 340 483 193 376 698 452 391 189 543 3
237 323 620 725 928 494 931 228 259 857 314 758 410 510 381 4
762 43 712 982 455 238 510 627 17 452 827 108 232 330 370 5
880 271 366 248 648 338 441 874 732 292 757 305 565 479 656 6
211 434 821 234 892 535 472 148 181 187 693 233 299 600 902 7
17 115 145 967 364 149 607 969 780 438 60 246 950 955 348 8
36 403 315 248 998 105 788 357 663 743 864 957 528 233 185 9
781 115 713 843 758 265 687 545 55 594 210 747 803 923 607 10
230 47 165 938 308 248 979 395 382 154 179 530 8 323 489 11
813 756 793 633 97 849 25 836 584 652 306 540 707 832 681 12
355 984 482 799 185 725 528 688 117 862 124 541 294 650 300 13
804 746 125 212 229 102 650 205 921 551 559 383 815 721 118 14
877 247 614 128 760 418 537 637 319 425 571 754 389 885 94 15
1 2 3 4 5 6 7 8 9 10 11 12 13 14 15 16 