287 176 823 932 239 839 682 8 192 122 290 300 994 547 888 160 28 70 997 160 286 481 775 5 760 
272 58 469 249 360 520 589 810 394 523 15 404 674 482 823 719 920 930 298 373 478 719 537 518 348 
636 834 221 913 376 712 882 251 873 852 42 881 621 340 932 590 886 859 117 64 462 464 967 882 948 
532 229 959 877 542 138 25 311 865 11 689 817 978 466 727 327 634 148 387 837 530 773 365 682 424 
531 443 911 420 664 393 775 984 500 142 98 856 274 532 685 294 265 336 244 793 583 139 130 263 881 
440 376 265 285 983 932 526 244 897 828 258 530 109 940 104 568 531 292 934 213 39 910 552 112 967 
438 0 440 592 555 652 231 23 317 424 557 748 687 982 609 867 550 91 190 422 459 732 571 749 14 
80 770 984 163 768 590 118 826 748 775 998 129 872 640 167 452 663 667 467 16 999 427 913 821 573 
562 691 139 938 788 309 222 375 131 240 180 764 493 141 237 735 227 701 941 691 299 793 143 487 368 
150 786 713 176 715 328 442 935 318 44 420 251 307 748 442 79 486 416 990 291 508 914 968 196 853 
798 270 848 477 460 943 709 843 347 725 90 841 96 978 430 669 31 337 208 727 601 521 926 372 656 
893 442 346 967 464 986 38 69 0 839 610 347 391 568 27 843 490 80 906 92 3 693 313 212 778 
355 672 429 324 888 512 171 546 81 369 684 854 965 879 377 665 112 242 389 968 195 222 443 232 42 
719 157 887 46 625 954 222 836 600 519 412 709 796 490 484 95 407 995 314 797 969 139 977 419 771 
345 121 901 683 107 567 319 672 306 846 335 951 722 149 11 853 568 424 501 78 236 171 286 413 465 
796 50 868 27 113 960 182 80 146 61 404 282 504 473 277 660 870 778 601 163 895 992 128 911 241 
977 486 986 696 973 227 305 333 820 176 736 640 455 651 170 580 421 111 209 50 279 166 283 265 654 
161 22 29 803 473 293 589 143 118 108 682 156 272 664 732 340 461 987 822 536 634 526 574 556 269 
151 838 193 322 878 110 75 717 763 278 452 592 98 510 376 573 529 73 515 93 33 649 368 794 291 
620 52 779 237 520 874 614 397 963 423 387 22 334 753 789 641 298 628 772 349 588 117 186 130 813 
482 891 842 749 801 216 417 385 833 549 30 426 615 850 259 913 625 583 466 640 0 707 472 674 537 
423 15 413 636 798 886 239 706 448 395 543 600 39 156 702 161 65 578 77 851 184 304 408 904 487 
835 580 192 766 25 917 533 375 631 731 343 217 262 150 513 668 173 319 556 543 325 9 762 31 121 
800 22 793 892 561 346 98 696 178 537 229 396 235 718 973 981 990 404 523 745 506 216 577 528 678 
60 744 764 516 582 807 610 4 96 125 408 179 952 234 186 843 843 401 704 765 182 520 651 252 893 
