778 593 292 375 797 861 660 911 56 949 595 429 738 992 319 162 725 319 317 327 940 287 758 71 456 806 492 167 211 785 124 825 257 909 142 247 387 325 51 630 22 628 879 896 4 651 463 695 346 365 
669 471 921 329 1 555 256 223 162 139 578 975 93 244 372 942 117 305 114 738 429 577 147 9 690 584 354 581 523 674 750 90 277 653 44 251 922 279 811 338 235 416 32 830 886 169 492 242 681 581 
3 452 319 199 813 363 170 948 3 181 419 66 530 911 390 945 980 230 489 385 344 366 790 645 358 121 14 879 431 19 937 955 372 859 972 568 158 84 642 292 70 892 326 231 263 61 735 500 232 642 
997 947 830 340 83 250 706 655 86 350 991 830 629 316 678 622 194 524 461 146 760 929 973 354 212 226 739 657 609 13 674 599 535 732 159 717 780 736 293 975 430 950 418 358 679 167 210 71 817 996 
754 414 428 18 959 711 71 34 896 942 483 724 9 485 910 901 738 534 415 382 168 58 165 511 946 634 644 20 550 108 930 679 285 640 351 263 876 378 380 567 725 275 774 953 237 884 491 845 655 186 
700 780 209 224 971 794 485 345 959 468 884 302 645 358 750 391 713 376 940 973 718 666 593 367 234 29 726 419 133 348 214 488 452 603 666 689 713 255 933 228 997 878 530 28 865 816 293 893 265 222 
895 150 843 866 390 51 22 895 676 451 789 890 167 303 430 298 849 477 119 204 865 980 473 698 570 632 751 997 42 488 472 600 85 998 843 863 683 47 11 504 120 772 595 880 250 920 35 393 904 811 
404 491 609 574 809 921 219 656 486 5 805 873 437 231 991 645 599 49 24 427 872 119 688 750 782 885 879 979 307 425 38 420 41 51 173 645 301 618 756 222 47 409 910 96 369 537 619 187 943 977 
645 846 990 852 309 184 303 938 223 704 157 545 363 304 293 285 549 480 654 101 63 880 666 168 597 860 188 328 810 223 570 894 530 154 388 55 47 148 901 462 360 206 442 913 518 663 449 56 177 646 
676 835 851 686 598 939 555 455 149 420 309 90 360 977 575 13 499 161 31 680 113 345 891 255 657 770 745 969 820 852 945 136 886 986 664 434 123 840 990 55 453 939 618 628 291 561 660 208 859 449 
219 861 498 635 329 433 403 898 115 893 743 625 725 62 909 341 878 418 315 849 256 189 939 95 611 645 56 678 417 875 947 671 405 203 337 77 168 213 992 627 69 917 810 488 838 888 544 225 701 208 
731 942 223 273 319 104 526 989 146 56 855 573 115 196 980 490 238 806 354 419 607 133 573 719 404 248 818 197 464 512 709 34 726 485 677 307 251 28 365 172 607 584 268 448 893 935 399 9 832 190 
45 762 304 599 732 948 934 641 418 694 517 385 774 937 209 544 152 178 725 477 31 513 207 77 865 226 678 344 256 17 239 221 619 76 316 521 482 60 63 564 839 436 190 340 137 692 47 575 866 664 
213 602 723 69 507 279 839 292 281 423 902 275 373 892 899 7 283 475 55 942 248 608 495 365 611 418 100 45 662 32 250 355 756 100 779 96 91 631 596 918 147 21 593 44 935 51 461 164 484 46 
52 523 968 61 252 777 782 202 800 474 38 997 488 500 338 514 294 658 334 732 994 192 903 993 880 791 120 776 24 667 304 201 903 932 960 836 492 858 180 356 974 500 113 245 140 467 582 396 268 482 
101 646 336 89 275 276 917 19 910 309 62 596 607 380 642 567 752 612 977 374 88 321 956 75 380 481 822 975 752 147 229 338 47 294 909 706 935 581 456 199 545 49 262 78 592 104 595 564 127 157 
218 983 263 384 380 191 361 336 294 330 522 405 609 496 621 363 219 28 429 236 543 308 594 861 528 899 635 740 228 29 662 472 711 227 572 841 13 808 368 138 300 794 969 196 368 197 526 933 449 852 
938 41 363 58 577 535 677 961 985 896 532 337 420 483 864 466 517 69 150 621 433 375 800 144 280 784 835 417 955 244 535 405 825 181 396 897 341 258 275 753 66 29 634 599 562 281 605 718 546 987 
225 599 682 696 970 348 117 48 400 403 196 233 325 726 87 79 722 777 222 675 107 651 709 138 496 432 431 647 6 118 212 595 733 678 430 748 666 958 944 340 56 837 256 531 419 510 599 776 254 385 
350 364 637 150 619 767 605 884 700 527 891 385 243 134 770 298 851 267 729 645 706 396 396 741 936 931 865 806 175 550 502 378 107 60 82 100 371 772 889 578 64 560 532 128 6 994 728 635 74 526 
981 202 683 729 538 268 291 152 927 782 503 531 812 220 437 963 568 3 22 554 500 340 708 83 185 843 742 42 367 832 554 348 392 542 866 626 508 146 938 610 550 958 912 391 590 39 5 898 745 180 
963 360 494 960 144 822 786 610 634 219 47 74 235 861 216 694 584 223 392 303 980 881 428 742 138 344 614 3 570 688 403 607 227 447 759 271 603 971 256 628 739 551 192 513 855 50 623 45 108 201 
112 170 314 238 706 893 324 688 722 783 77 13 88 843 558 382 479 73 110 114 193 218 289 69 826 805 404 594 995 866 583 15 651 685 91 880 977 60 255 494 588 485 798 554 326 338 267 45 743 670 
480 297 950 589 851 653 269 806 666 101 934 12 560 969 592 750 25 167 815 244 354 915 483 19 796 614 23 426 379 628 397 334 18 730 560 67 705 728 978 412 914 108 23 764 232 375 657 542 545 924 
710 794 222 646 279 266 856 961 138 260 557 868 426 608 355 317 269 28 5 493 471 254 516 846 294 218 967 162 557 437 645 366 436 721 562 927 144 305 321 291 311 648 570 812 879 237 76 120 311 578 
308 996 102 933 23 475 691 358 4 497 676 850 109 173 915 616 255 543 614 26 560 693 94 750 361 52 402 773 93 901 597 331 817 294 821 553 83 547 446 520 992 629 926 399 440 186 818 958 357 892 
289 283 429 718 559 613 51 261 477 968 573 348 23 97 369 58 414 722 833 615 703 927 218 885 587 970 935 172 728 812 259 616 137 669 111 847 458 102 632 118 646 541 709 75 164 498 215 200 727 783 
433 318 590 156 379 369 771 188 450 595 519 898 298 435 190 744 510 487 295 506 967 151 823 254 948 860 118 46 777 713 978 818 67 297 683 903 810 497 655 413 328 79 438 288 449 380 544 876 91 974 
718 463 633 665 751 833 298 942 356 911 815 668 446 641 710 119 6 752 256 462 781 740 169 177 21 941 329 27 432 865 806 572 663 965 541 810 238 511 25 722 638 540 802 913 11 573 594 744 335 639 
100 71 758 771 670 904 948 867 193 728 612 782 934 474 443 358 780 981 460 256 647 758 404 340 314 841 385 670 744 828 359 83 367 908 27 608 943 669 651 32 242 452 749 668 476 31 656 408 845 183 
121 772 476 845 542 768 102 691 344 491 904 724 284 262 25 566 626 556 731 575 778 453 244 942 36 67 992 827 815 701 105 202 829 498 849 164 925 168 791 711 800 334 913 175 695 238 377 20 429 959 
499 654 658 802 214 486 263 795 528 71 417 707 871 365 488 916 126 829 639 540 180 997 193 229 100 157 233 124 904 254 906 361 966 634 833 334 968 917 592 868 463 202 173 18 792 81 370 168 922 647 
685 931 710 654 331 945 48 271 449 223 261 565 595 345 645 868 832 963 803 914 478 573 123 284 474 812 228 532 275 207 414 586 584 814 461 865 622 754 902 348 574 889 209 560 95 697 608 707 632 183 
119 933 976 400 165 614 698 687 874 984 907 952 497 79 534 246 920 894 2 432 61 612 130 664 915 391 677 703 646 127 423 147 956 975 744 643 732 879 204 829 371 245 498 61 628 949 953 169 447 246 
80 490 950 983 780 142 724 523 839 156 575 337 79 55 528 886 501 263 297 695 495 540 998 202 417 692 54 716 471 879 116 40 222 641 249 542 172 569 852 963 748 583 541 936 990 67 694 757 799 27 
283 911 597 477 676 983 326 742 744 597 938 794 564 941 933 406 197 601 937 777 922 31 868 482 173 452 230 622 716 289 790 673 443 229 981 183 964 332 259 843 226 199 880 216 378 387 246 503 522 558 
621 792 967 127 263 155 594 110 782 585 962 964 994 671 784 588 567 324 599 538 542 899 283 594 579 35 547 132 96 156 514 351 287 148 122 660 61 572 18 61 686 405 282 573 459 230 571 849 491 914 
189 432 873 246 259 15 762 25 938 239 714 327 946 771 144 575 468 885 526 971 381 385 125 183 321 684 833 830 628 502 873 90 517 622 547 795 220 620 69 82 821 853 934 478 389 74 918 919 492 67 
451 865 412 322 269 842 977 482 133 919 498 802 978 876 471 332 155 356 19 36 196 456 108 893 419 810 665 677 786 77 787 316 226 733 631 345 733 957 714 390 669 449 54 861 124 648 117 563 891 79 
75 508 983 514 888 823 896 27 926 923 836 136 121 290 380 257 277 549 349 223 172 681 122 339 655 24 776 366 692 90 778 12 290 518 718 511 121 188 463 33 509 853 445 770 669 421 202 459 918 727 
933 921 398 401 5 15 222 490 614 181 543 538 208 13 824 937 209 520 174 75 47 772 846 433 899 1 711 987 114 492 612 366 214 219 848 448 124 939 162 228 303 526 419 306 637 905 166 101 944 805 
56 884 408 923 624 561 935 510 472 46 374 84 204 114 206 405 83 958 425 239 908 596 953 793 483 874 817 15 524 739 860 446 182 791 370 368 788 61 810 329 816 966 300 163 337 315 534 119 375 913 
914 85 684 116 662 654 301 266 404 640 897 274 107 642 609 589 358 793 73 915 923 842 478 657 46 928 369 474 879 888 331 611 201 380 737 3 437 437 314 283 350 580 77 827 822 714 801 541 162 87 
472 573 425 552 371 113 667 780 988 558 63 594 504 124 189 763 571 402 269 125 369 572 976 907 114 908 822 639 629 296 871 105 0 643 686 85 815 869 442 160 603 927 663 235 317 602 918 611 715 152 
904 983 490 326 360 892 78 263 673 439 837 740 173 513 234 659 753 719 233 6 93 706 950 870 704 699 835 975 491 804 257 253 997 468 575 511 23 545 833 28 857 562 579 611 821 173 238 87 889 783 
993 147 867 330 252 906 425 692 65 250 78 726 5 402 652 617 389 945 14 680 964 497 604 42 644 957 933 686 99 854 112 261 568 532 844 914 526 179 745 341 888 748 982 192 325 686 493 361 415 220 
443 778 150 968 60 29 771 64 231 924 697 513 349 24 374 874 240 608 43 530 338 589 288 795 803 363 612 425 56 211 467 470 560 359 793 360 656 101 797 606 193 727 402 847 512 762 466 731 799 534 
868 494 91 805 496 570 974 528 744 99 861 566 73 681 676 678 82 522 200 344 205 495 741 439 907 32 729 585 5 977 401 546 320 767 36 941 545 790 61 317 161 581 644 947 98 845 934 193 235 765 
20 806 649 257 18 139 631 172 809 654 94 796 455 540 512 973 493 301 410 721 393 26 329 742 53 994 582 800 80 934 492 561 124 121 425 662 607 412 548 604 542 553 478 611 271 846 44 201 694 76 
476 706 970 761 197 311 256 699 972 396 921 598 117 543 504 272 238 325 622 810 890 519 705 217 541 230 690 63 843 930 623 580 766 865 553 56 280 14 870 173 357 560 865 153 628 805 600 130 432 175 
